250
465115 286141
79342 982639
482437 744263
663198 263590
169939 206202
226513 791631
865128 478257
511804 994571
352346 934683
898138 151225
190495 417540
36421 68972
387226 340634
134158 865725
120356 190952
77645 585472
993446 673339
568111 475883
417603 747661
255825 587542
470216 482339
379174 335344
960596 407330
846267 829294
342013 260757
980519 48860
194650 533292
117832 581876
390279 251990
963953 510635
959295 41598
96107 952741
714937 180570
944976 132540
444584 200801
720083 914800
199492 615609
766496 676440
22939 612763
505735 881304
389873 2606
930164 584523
52251 564349
682751 442530
816339 646704
953165 291986
688302 565625
761079 919591
262547 222407
568484 707131
939561 804919
621931 139053
420528 388427
815494 959819
517543 837581
841123 423768
840187 287639
524643 892438
851988 207394
851320 184680
854098 804486
993018 58752
886463 754098
494695 149010
976505 63179
856142 916066
868098 994425
571472 804978
382853 386966
764797 416748
224547 122272
840516 581086
409912 365159
989877 261900
572553 841197
962932 943003
162035 955951
518107 48498
710049 529154
713861 202906
592334 570003
635325 976784
564428 206797
781763 463633
110115 546560
880381 851014
185185 720897
432100 595097
602408 938329
373349 691313
295879 852634
634316 457914
808585 668775
22765 34986
197930 736626
237892 306616
306629 389569
799752 387409
596366 581515
367395 222833
644428 247776
73847 829613
485026 22300
941062 603786
960629 830763
295100 256508
683397 929416
230775 491982
114544 253540
43320 828826
506518 797565
651794 329499
187134 451546
716908 299853
33062 84303
522686 193842
848432 596534
539807 849810
618834 480869
453596 95815
827984 748696
352324 511382
194465 99451
519716 825361
869343 563037
654187 375861
360602 305981
705360 64088
273879 938620
363941 823293
22924 886628
17135 387708
483162 556942
753870 101996
554163 207466
197811 898500
472515 66487
926234 183332
682290 445950
8693 551633
525339 662880
927494 402293
485213 632854
466382 275444
571475 830323
98738 110751
716951 115873
14811 716465
189168 768681
334813 259683
492499 48977
674535 965014
115464 600769
148346 314107
563072 673391
865740 88411
852623 309587
7057 337836
458793 473439
613281 546620
820114 228371
657371 53418
860596 188534
769883 49764
473567 104697
825800 966067
153674 500335
447433 785490
617457 112132
615949 180529
785523 481690
785292 638147
307629 792349
492335 766422
782140 621968
313043 602255
850339 486766
172025 710936
191653 458260
277052 665220
562957 619204
631287 232983
119540 78721
534826 736997
707205 667127
433878 492728
665169 219170
647227 972798
11520 139563
739221 793660
277883 568616
912267 128223
55382 84292
355511 247035
542553 632563
428608 621862
251768 59895
371198 887660
654968 422376
141009 362173
89503 574887
371254 754673
794057 18481
243823 321929
674396 983044
631942 952280
68012 544209
596855 639747
144854 952366
403134 203759
101281 831742
341973 869401
891638 713171
273413 62958
651899 414422
941484 257755
505661 829090
528780 816071
363923 772603
138000 38320
272000 769942
506952 340012
830504 103807
979759 975358
572525 382894
179117 190158
214636 521090
59560 622626
750614 332973
201937 918865
263748 143421
176620 769409
488863 705400
101832 852786
478004 239833
407458 266356
526127 914410
606368 356631
534569 586128
848341 623446
485374 27458
813605 700010
64901 873165
838989 331867
722490 40926
250732 986238
700699 943705
272000 189562
165457 373832
42348 643461
